t_dep_est_mc  = 0.0367849
t_dep_est_lut = 0
t_shirnk      = 1.35847e+09
t_chol_mc     = 0.000160933
t_chol_lut    = 0
t_VaR_mc      = 0
t_VaR_lut     = 0
t_total_mc    = 0.926785
t_total_lut   = 0

